1.32832194991217e-09
1.18674047408786e-09
1.18674047408786e-09
9.94079660942682e-10
9.34612833603755e-10
8.12608762005002e-10
7.12353337393772e-10
6.41822081732932e-10
5.68939536136411e-10
4.93954567577512e-10
4.17133482444412e-10
3.78298312504024e-10
2.99218716896413e-10
2.19030573483712e-10
1.38045930709011e-10
1.38045930709011e-10
5.65821615093604e-11
5.65821615093604e-11
1.57721144550465e-11
-2.50379325992675e-11
-2.50379325992675e-11
-1.06490845600737e-10
-1.06490845600737e-10
-1.87454037977621e-10
-2.67609938320024e-10
-3.46647090097007e-10
-3.85455987249105e-10
-4.62219704419792e-10
-5.37137957419620e-10
-6.09944568802135e-10
-6.80391394256559e-10
-7.80504165376285e-10
-9.02292396603572e-10
-9.61648176066238e-10
-1.15380401962043e-09
-1.15380401962043e-09
-1.29471758513430e-09